%YAML:1.0
---
CameraExtrinsicMat: !!opencv-matrix
   rows: 4
   cols: 4
   dt: d
   data: [ 1., 0., 0., 0., 0., 1., 0., 0., 0., 0., 1., 0., 0., 0., 0.,
       1. ]
CameraMat: !!opencv-matrix
   rows: 3
   cols: 3
   dt: d
   data: [ 2.0895007284889462e+03, 0., 1.1317759147366387e+03, 0.,
       2.0925828256770806e+03, 4.2915542532315590e+02, 0., 0., 1. ]
DistCoeff: !!opencv-matrix
   rows: 5
   cols: 1
   dt: d
   data: [ -4.2686628706732588e-01, 3.4267185927016802e-01,
       -3.5773713261985675e-03, -1.0918515755876826e-03,
       -2.8231352235416918e-01 ]
ImageSize: [1920, 1080]
Reprojection Error: 0.0
DistModel: plumb_bob