%YAML:1.0
---
CameraExtrinsicMat: !!opencv-matrix
   rows: 4
   cols: 4
   dt: d
   data: [ 1.9921619442135718e-02, 1.2241024334366746e-02,
       9.9972660582883777e-01, 1.7104042768478394e+00,
       -9.9935075277807339e-01, -2.9779935448398132e-02,
       2.0278766397087589e-02, -3.1612440943717957e-01,
       3.0020026660566690e-02, -9.9948152197423590e-01,
       1.1639812342309874e-02, 1.2044562101364136e+00, 0., 0., 0., 1. ]
CameraMat: !!opencv-matrix
   rows: 3
   cols: 3
   dt: d
   data: [ 2.0895007284889462e+03, 0., 1.1317759147366387e+03, 0.,
       2.0925828256770806e+03, 4.2915542532315590e+02, 0., 0., 1. ]
DistCoeff: !!opencv-matrix
   rows: 1
   cols: 5
   dt: d
   data: [ -4.2686628706732588e-01, 3.4267185927016802e-01,
       -3.5773713261985675e-03, -1.0918515755876826e-03,
       -2.8231352235416918e-01 ]
ImageSize: [ 1920, 1080 ]
ReprojectionError: 0
DistModel: plumb_bob
